Adding:  P#0  WTime=0  Turn=0 Cs1=0  Cs2=0  Cs3=0  Cs4=0  Cs5=0  Rand=0
Plr: Wrldtime CommTurn Random WChecksum CksumNew Position Actions  Unif. Visible
 03: 00002970 00000010 014719 00000000 192921775 00110487 00000000 00000000 
 02: 00002970 00000010 014719 00000000 192921775 00110487 00000000 00000000 
 04: 00002970 00000010 014719 00000000 192921775 00110487 00000000 00000000 
 01: 00002970 00000010 014719 00000000 192921775 00110487 00000000 00000000 
 00: 00000000 00000000 000000 00000000 00000000 00000000 00000000 00000000 
 00: 00000000 00000000 000000 00000000 00000000 00000000 00000000 00000000 
 00: 00000000 00000000 000000 00000000 00000000 00000000 00000000 00000000 
 00: 00000000 00000000 000000 00000000 00000000 00000000 00000000 00000000 
 00: 00000000 00000000 000000 00000000 00000000 00000000 00000000 00000000 
 00: 00000000 00000000 000000 00000000 00000000 00000000 00000000 00000000 
 00: 00000000 00000000 000000 00000000 00000000 00000000 00000000 00000000 
 00: 00000000 00000000 000000 00000000 00000000 00000000 00000000 00000000 
 00: 00000000 00000000 000000 00000000 00000000 00000000 00000000 00000000 
 00: 00000000 00000000 000000 00000000 00000000 00000000 00000000 00000000 
 00: 00000000 00000000 000000 00000000 00000000 00000000 00000000 00000000 
 00: 00000000 00000000 000000 00000000 00000000 00000000 00000000 00000000 
 00: 00000000 00000000 000000 00000000 00000000 00000000 00000000 00000000 
 00: 00000000 00000000 000000 00000000 00000000 00000000 00000000 00000000 
 00: 00000000 00000000 000000 00000000 00000000 00000000 00000000 00000000 
 00: 00000000 00000000 000000 00000000 00000000 00000000 00000000 00000000 
 00: 00000000 00000000 000000 00000000 00000000 00000000 00000000 00000000 
 00: 00000000 00000000 000000 00000000 00000000 00000000 00000000 00000000 
 00: 00000000 00000000 000000 00000000 00000000 00000000 00000000 00000000 
 00: 00000000 00000000 000000 00000000 00000000 00000000 00000000 00000000 
 00: 00000000 00000000 000000 00000000 00000000 00000000 00000000 00000000 
 00: 00000000 00000000 000000 00000000 00000000 00000000 00000000 00000000 
 00: 00000000 00000000 000000 00000000 00000000 00000000 00000000 00000000 
 00: 00000000 00000000 000000 00000000 00000000 00000000 00000000 00000000 
 00: 00000000 00000000 000000 00000000 00000000 00000000 00000000 00000000 
 00: 00000000 00000000 000000 00000000 00000000 00000000 00000000 00000000 
 00: 00000000 00000000 000000 00000000 00000000 00000000 00000000 00000000 
 00: 00000000 00000000 000000 00000000 00000000 00000000 00000000 00000000 
 00: 00000000 00000000 000000 00000000 00000000 00000000 00000000 00000000 
 00: 00000000 00000000 000000 00000000 00000000 00000000 00000000 00000000 
 00: 00000000 00000000 000000 00000000 00000000 00000000 00000000 00000000 
 00: 00000000 00000000 000000 00000000 00000000 00000000 00000000 00000000 
 00: 00000000 00000000 000000 00000000 00000000 00000000 00000000 00000000 
 00: 00000000 00000000 000000 00000000 00000000 00000000 00000000 00000000 
 00: 00000000 00000000 000000 00000000 00000000 00000000 00000000 00000000 
 00: 00000000 00000000 000000 00000000 00000000 00000000 00000000 00000000 
 00: 00000000 00000000 000000 00000000 00000000 00000000 00000000 00000000 
 00: 00000000 00000000 000000 00000000 00000000 00000000 00000000 00000000 
 00: 00000000 00000000 000000 00000000 00000000 00000000 00000000 00000000 
 00: 00000000 00000000 000000 00000000 00000000 00000000 00000000 00000000 
 00: 00000000 00000000 000000 00000000 00000000 00000000 00000000 00000000 
 00: 00000000 00000000 000000 00000000 00000000 00000000 00000000 00000000 
 00: 00000000 00000000 000000 00000000 00000000 00000000 00000000 00000000 
 00: 00000000 00000000 000000 00000000 00000000 00000000 00000000 00000000 
 00: 00000000 00000000 000000 00000000 00000000 00000000 00000000 00000000 
 00: 00000000 00000000 000000 00000000 00000000 00000000 00000000 00000000 
 00: 00000000 00000000 000000 00000000 00000000 00000000 00000000 00000000 
 00: 00000000 00000000 000000 00000000 00000000 00000000 00000000 00000000 
 00: 00000000 00000000 000000 00000000 00000000 00000000 00000000 00000000 
Player Checksum information:
 

PLAYER: Niem` hy vong
P#1 CSum=17581128 
 

PLAYER: chutieulensan
P#2 CSum=34160230 
 

PLAYER: Met Moi
P#3 CSum=50795879 
 

PLAYER: Qua Khu Qua Roi
P#4 CSum=67466343 
...end of log
